0
1145.0494384765625 0.0 512.54150390625
0.0 1143.7811279296875 515.4514770507812
0.0 0.0 1.0
0 0
-0.9045421346115745 0.04026662979284477 -0.4244786510973936 -0.2342184065101777
0.0421498761519452 -0.9822102314448993 -0.1829930304283025 0.45208111910014265
-0.4242957867487167 -0.18341662893555738 0.8867533059296728 5.534363162620527
1
1149.6756591796875 0.0 508.8486328125
0.0 1147.5916748046875 508.0649108886719
0.0 0.0 1.0
0 0
0.9227909696476808 -0.005150512962808371 -0.38526652924035953 -0.011998695489254904
0.07378000239957122 -0.9790454480136264 0.18980653826914573 0.43719781718481093
-0.3781710427605638 -0.20357672494668283 -0.9030742934428875 5.538572372963153
2
1149.1407470703125 0.0 519.8158569335938
0.0 1148.7989501953125 501.40264892578125
0.0 0.0 1.0
0 0
-0.9077005933172041 -0.037163870326572625 0.4179694721315725 0.7806636078218409
-0.06252269949041142 -0.9729733284135073 -0.22229218214856972 0.22316952759119546
0.4149343863070731 -0.22790732532828095 0.8808448819864265 5.573525629447979
3
1145.5113525390625 0.0 514.9682006835938
0.0 1144.77392578125 501.88201904296875
0.0 0.0 1.0
0 0
0.9165736788937332 0.06352719322903168 0.3947872678793596 -0.1543435348368774
-0.04893203143774352 -0.9620598289564143 0.2684148688275868 0.4101553991344479
0.396860614647742 -0.2653397467941737 -0.8786902021262216 4.432104438428109
