0
1145.0494384765625 0.0 512.54150390625 
0.0 1143.7811279296875 515.4514770507812 
0.0 0.0 1.0 
0 0
-0.9059012940472552 0.42171442451700875 0.038727117086046585 -0.23472096393048525 
0.04449316998040553 0.18571989704395095 -0.9815948643239122 0.4643398316532937 
-0.42114510951523926 -0.8875049656178113 -0.18700730663566217 5.536652338256868 

1
1149.6756591796875 0.0 508.8486328125 
0.0 1147.5916748046875 508.0649108886719 
0.0 0.0 1.0 
0 0
0.9216646617735607 0.3879848482907736 -0.0014172983503635361 -0.011934413265459022 
0.0772105137705554 -0.18699233856512767 -0.9793224197787119 0.4494170308922618 
-0.38022728439857584 0.9024974364588133 -0.2023007399495972 5.541113161557833 

2
1149.1407470703125 0.0 519.8158569335938 
0.0 1148.7989501953125 501.40264892578125 
0.0 0.0 1.0 
0 0
-0.9063540437978331 -0.4205310478032582 -0.04093879730536111 0.7811274405015574 
-0.06032122335004647 0.22468711440197925 -0.9725621063126333 0.23531295674012398 
0.4181909818550245 -0.8790161195650545 -0.2290130219876691 5.576370081990331 

3
1145.5113525390625 0.0 514.9682006835938 
0.0 1144.77392578125 501.88201904296875 
0.0 0.0 1.0 
0 0
0.9175408282069961 -0.3922632102750112 0.06517977015886384 -0.1551364013497395 
-0.04531903453375823 -0.26600516114165385 -0.9629057271378807 0.42216261971161606 
0.39505064698358355 0.8805514341086192 -0.2618475858340245 4.4354160753676775 

