0
1145.0494384765625 0.0 512.54150390625 
0.0 1143.7811279296875 515.4514770507812 
0.0 0.0 1.0 
0 0
-9.032643329640865915e-01 -4.115131545405684849e-02 4.271066775775614333e-01 -0.3212076965010843 
4.178522500624328589e-02 9.822234798200935035e-01 1.830055481707673626e-01 0.4671347939539068 
-4.270451261472489879e-01 1.831491330214425617e-01 -8.854879193458108366e-01 5.514330481231836 

1
1149.6756591796875 0.0 508.8486328125 
0.0 1147.5916748046875 508.0649108886719 
0.0 0.0 1.0 
0 0
9.316530271819938314e-01 7.102102874621424658e-03 3.632797779637406688e-01 0.019193081470653548 
6.827211377469202813e-02 9.785794990281018180e-01 -1.942191611624479453e-01 0.40422815517048916 
-3.568775075895957438e-01 2.057467477669278899e-01 9.112116770322742365e-01 5.702169449034496 

2
1149.1407470703125 0.0 519.8158569335938 
0.0 1148.7989501953125 501.40264892578125 
0.0 0.0 1.0 
0 0
-9.270074942568337084e-01 3.884903690716462465e-02 -3.730252778606986119e-01 0.45540105803335257 
-4.699921846721397817e-02 9.747461943038929766e-01 2.183138340865012905e-01 0.27335888905742267 
3.720862521716392091e-01 2.199104568260979997e-01 -9.017711527451960363e-01 5.657814750065345 

3
1145.5113525390625 0.0 514.9682006835938 
0.0 1144.77392578125 501.88201904296875 
0.0 0.0 1.0 
0 0
9.153599373924848903e-01 -6.379662426256267616e-02 -3.975502178964660516e-01 -0.06927120383747176 
-4.925454244599469095e-02 9.622095259304174197e-01 -2.678186294065392770e-01 0.4221846819630868 
3.996125311664563973e-01 2.647315979279067921e-01 8.776257778764674500e-01 4.457893157362932 

