0
1071.506958565541 0.0 970.0303499730985
0.0 1077.113483765303 537.2649362251441
0.0 0.0 1.0
0 0
0.8373854161885522 0.0053017306335966545 -0.5465871901234187 -169.4252474952954
0.002948763528797026 -0.9999822259612247 -0.00518194512569518 132.3050850019765
-0.5466049483387219 0.002727528904202914 -0.8373861660176266 434.2511502752439
1
1078.4707540403285 0.0 942.4151498423511
0.0 1081.9746405876565 524.5763255685125
0.0 0.0 1.0
0 0
-0.35789781492341277 -0.09718670596698621 0.9286893443215194 87.18222715485174
0.06622382778237527 -0.994706251645411 -0.07857402606069526 138.65887362180175
0.9314094474004959 0.03337989096481718 0.3624392696332449 538.714639804923
2
1079.5847443681696 0.0 955.5050748883153
0.0 1084.1779405285322 530.04226710695
0.0 0.0 1.0
0 0
0.9962476631586428 -0.03192197794305975 -0.08044613710518748 2.9140647609897594
-0.024587034474131554 -0.9955861996100672 0.0905737096609807 136.17412054990282
-0.08298235587588294 -0.08825591464704545 -0.9926352916066918 388.36478511029264
3
1334.6092838339546 0.0 923.7363071604977
0.0 1340.8439439291196 512.3448363318777
0.0 0.0 1.0
0 0
0.8984854215936184 0.02423399281922789 -0.4383339603267986 -133.08700343091303
0.05475389771497746 -0.9968647524006975 0.057119839864218605 92.0156065762762
-0.4355754330408863 -0.07532183623049694 -0.8969953528966081 466.76027205845566
4
1334.6092838339546 0.0 923.7363071604977
0.0 1340.8439439291196 512.3448363318777
0.0 0.0 1.0
0 0
0.6468748986215678 0.04864750824373226 0.7610428933214032 223.5798218237499
-0.03301773208278365 -0.9952407478944179 0.09168251250194602 98.95589787714661
0.7618810241116695 -0.08443502633525952 -0.6421900275045682 484.8800512831649
