0
1145.0494384765625 0.0 512.54150390625
0.0 1143.7811279296875 515.4514770507812
0.0 0.0 1.0
0 0
-0.9032643329640875 -0.041151315454056744 0.4271066775775616 -0.3206778983947346
0.04178522500624343 0.9822234798200942 0.18300554817076728 0.45448926527811295
-0.4270451261472493 0.18314913302144273 -0.8854879193458114 5.511972547766436
1
1149.6756591796875 0.0 508.8486328125
0.0 1147.5916748046875 508.0649108886719
0.0 0.0 1.0
0 0
0.9316530271819943 0.007102102874621319 0.36327977796374095 0.019101646224597413
0.0682721137746919 0.9785794990281019 -0.19421916116244822 0.3916295405265281
-0.35687750758959597 0.20574674776692778 0.9112116770322747 5.699520585051613
2
1149.1407470703125 0.0 519.8158569335938
0.0 1148.7989501953125 501.40264892578125
0.0 0.0 1.0
0 0
-0.9270074942568343 0.038849036907164444 -0.37302527786069883 0.45490090036014513
-0.04699921846721397 0.9747461943038933 0.21831383408650112 0.26080962587553613
0.3720862521716395 0.21991045682609778 -0.9017711527451966 5.654983536960553
3
1145.5113525390625 0.0 514.9682006835938
0.0 1144.77392578125 501.88201904296875
0.0 0.0 1.0
0 0
0.915359937392485 -0.06379662426256279 -0.39755021789646616 -0.06844986118164476
-0.049254542445994684 0.9622095259304175 -0.2678186294065395 0.4097968207458985
0.39961253116645634 0.26473159792790696 0.8776257778764679 4.454484899383191
