0
1145.0494384765625 0.0 512.54150390625 
0.0 1143.7811279296875 515.4514770507812 
0.0 0.0 1.0 
0 0
-0.9033486325708847 0.4269119513835288 0.04132110596558493 -0.3212076965010843 
0.04153060140040344 0.18295116146549473 -0.982244410350981 0.4671347939539068 
-0.4268916222879434 -0.885593054559674 -0.18299859162308746 5.514330481231836 

1
1149.6756591796875 0.0 508.8486328125 
0.0 1147.5916748046875 508.0649108886719 
0.0 0.0 1.0 
0 0
0.9315720438826058 0.3634828886598199 -0.00732916829502759 0.019193081470653548 
0.06810071942874552 -0.19426751468589246 -0.9785818436651346 0.40422815517048916 
-0.357121574634845 0.9111203665758325 -0.2057276319337036 5.702169449034496 

2
1149.1407470703125 0.0 519.8158569335938 
0.0 1148.7989501953125 501.40264892578125 
0.0 0.0 1.0 
0 0
-0.9269344224860929 -0.37323034448550024 -0.038622355774959594 0.45540105803335257 
-0.04725991979946154 0.21824052930449528 -0.9747500045393394 0.27335888905742267 
0.3722352433487741 -0.9017040430895984 -0.2199334951410318 5.657814750065345 

3
1145.5113525390625 0.0 514.9682006835938 
0.0 1144.77392578125 501.88201904296875 
0.0 0.0 1.0 
0 0
0.9154607101090738 -0.3973460632567893 0.06362227802367726 -0.06927120383747176 
-0.0494062705446705 -0.2678916037393088 -0.9621814325151199 0.4221846819630868 
0.3993628784419721 0.8776959579833511 -0.2648756248925708 4.457893157362932 

