0
1145.0494384765625 0.0 512.54150390625
0.0 1143.7811279296875 515.4514770507812
0.0 0.0 1.0
0 0
-0.9034509044026684 0.041151315454056835 -0.4267118847306708 -0.3206778983947346
0.041705242415589115 -0.982223479820094 -0.18302379201940502 0.45448926527811295
-0.4266581021017385 -0.1831491330214429 0.8856744655822681 5.511972547766436
1
1149.6756591796875 0.0 508.8486328125
0.0 1147.5916748046875 508.0649108886719
0.0 0.0 1.0
0 0
0.9314941746748369 -0.007102102874621232 -0.3636869019934633 0.019101646224597417
0.06835698652123519 -0.9785794990281018 0.19418930577054208 0.3916295405265281
-0.35727569878257937 -0.20574674776692756 -0.911055624450424 5.699520585051613
2
1149.1407470703125 0.0 519.8158569335938
0.0 1148.7989501953125 501.40264892578125
0.0 0.0 1.0
0 0
-0.9268443831342343 -0.03884903690716454 0.37343037073048363 0.45490090036014513
-0.04709462329876314 -0.9747461943038931 -0.21829327325051714 0.26080962587553613
0.3724803161361259 -0.21991045682609803 0.9016084544133716 5.654983536960553
3
1145.5113525390625 0.0 514.9682006835938
0.0 1144.77392578125 501.88201904296875
0.0 0.0 1.0
0 0
0.9155335906671802 0.0637966242625627 0.3971501417509027 -0.06844986118164476
-0.049137493426868364 -0.9622095259304175 0.26784012945876134 0.4097968207458985
0.3992289457188508 -0.2647315979279069 -0.8778003360438822 4.454484899383191
